00 0.000045
01 0.000205
02 0.024797
03 0.000943
04 0.000286
05 0.000265
06 0.000233
07 0.000233
08 0.000254
09 0.000209
10 0.000284
11 0.000222
12 0.000219
13 0.000315
14 0.000762
15 0.000342
16 0.000213
17 0.000216
18 0.000211
19 0.000204
20 0.000277
21 0.000210
22 0.000205
23 0.000209
24 0.000208
25 0.000267
26 0.000215
27 0.000253
28 0.000276
29 0.000245
30 0.000277
31 0.000320
32 0.000295
33 0.000228
34 0.000542
35 0.000278
36 0.000232
37 0.000318
38 0.000235
39 0.000231
40 0.000275
41 0.000261
42 0.000263
43 0.000223
44 0.000291
45 0.000246
46 0.000290
47 0.000231
48 0.000282
49 0.000236
50 0.000228
51 0.000223
52 0.000267
53 0.000314
54 0.000305
55 0.000291
56 0.000293
57 0.000313
58 0.000344
59 0.000356
60 0.000307
61 0.000311
62 0.000318
63 0.000395
64 0.000824
65 0.000367
66 0.000234
67 0.000354
68 0.000231
69 0.000224
70 0.000214
71 0.000266
72 0.000257
73 0.000249
74 0.000214
75 0.000270
76 0.000255
77 0.000216
78 0.000262
79 0.000231
80 0.000212
81 0.000218
82 0.000218
83 0.000254
84 0.000212
85 0.000242
86 0.000253
87 0.000328
88 0.000337
89 0.000309
90 0.000230
91 0.000262
92 0.000230
93 0.000318
94 0.000268
95 0.000230
96 0.000375
97 0.000266
98 0.000216
99 0.000218
TIME 0.052503
FPS 1904.638550
